Pitch_axis=Axis_1
Rudder_axis=Axis_6
Aileron_axis=Axis_2
Elevator_axis=Axis_3
Throttle_axis=Axis_4
p_calib=0
r_calib=0
a_calib=0
e_calib=0
t_calib=0
rev_p=1
rev_r=-1
rev_a=-1
rev_e=1
rev_t=-1
exp_p=0
exp_r=10
exp_a=0
exp_e=0
exp_t=0
pitch_max=0.6821027
elev_max=0.6520651
ail_max=0.6620777
rud_max=0.6520651
thr_max=0.6520651
pitch_min=-0.7221528
elev_min=-0.7021277
ail_min=-0.6921152
rud_min=-0.7121403
thr_min=-0.7021277
